**** Joint 0 : 
  Calibration revision : v12.4.-1596919919
  K_tau    tau_avg  Stiction-  Stiction+  TauMax-  TauMax+  Avg. temp. 
  +0.1167   0.1669  -0.10160    +0.10038  -0.2697   0.2660     +39.37

  Ang. vel.    U        I      Temp     Tau       Km 
    -2.30   +20.729   -2.311  +44.82   -0.270   +0.088
    -1.50   +13.568   -1.928  +44.51   -0.225   +0.088
    -0.50    +4.588   -1.379  +43.84   -0.161   +0.088
    -0.01    +0.186   -0.870  +44.32   -0.102   +0.108
    +0.00    +0.000   +0.000   +0.00   +0.000     -nan
    +0.01    +0.184   +0.860  +42.80   +0.100   +0.107
    +0.50    +4.582   +1.380  +44.31   +0.161   +0.088
    +1.50   +13.544   +1.864  +44.71   +0.218   +0.088
    +2.30   +20.692   +2.279  +45.05   +0.266   +0.088
------------------------------------------------------------------

**** Joint 1 : 
  Calibration revision : v12.4.-1596919919
  K_tau    tau_avg  Stiction-  Stiction+  TauMax-  TauMax+  Avg. temp. 
  +0.1171   0.2026  -0.12406    +0.11983  -0.3290   0.3398     +39.43

  Ang. vel.    U        I      Temp     Tau       Km 
    -2.30   +20.824   -2.811  +44.87   -0.329   +0.089
    -1.50   +13.623   -2.234  +44.63   -0.262   +0.089
    -0.50    +4.616   -1.647  +43.93   -0.193   +0.089
    -0.01    +0.193   -1.060  +44.27   -0.124   +0.099
    +0.00    +0.000   +0.000   +0.00   +0.000     -nan
    +0.01    +0.190   +1.024  +42.87   +0.120   +0.099
    +0.50    +4.609   +1.653  +44.44   +0.193   +0.088
    +1.50   +13.596   +2.249  +44.80   +0.263   +0.088
    +2.30   +20.772   +2.903  +45.09   +0.340   +0.088
------------------------------------------------------------------

**** Joint 2 : 
  Calibration revision : v12.4.-1596919919
  K_tau    tau_avg  Stiction-  Stiction+  TauMax-  TauMax+  Avg. temp. 
  +0.0992   0.1284  -0.06700    +0.06514  -0.2249   0.2139     +40.38

  Ang. vel.    U        I      Temp     Tau       Km 
    -3.20   +23.586   -2.268  +46.20   -0.225   +0.071
    -1.50   +11.152   -1.714  +45.90   -0.170   +0.070
    -0.50    +3.805   -1.192  +44.56   -0.118   +0.068
    -0.01    +0.193   -0.676  +45.75   -0.067   -0.009
    +0.00    +0.000   +0.000   +0.00   +0.000     -nan
    +0.01    +0.192   +0.657  +43.31   +0.065   -0.005
    +0.50    +3.798   +1.187  +45.50   +0.118   +0.068
    +1.50   +11.129   +1.798  +45.95   +0.178   +0.070
    +3.20   +23.477   +2.157  +46.25   +0.214   +0.071
------------------------------------------------------------------

**** Joint 3 : 
  Calibration revision : v12.4.-1596919919
  K_tau    tau_avg  Stiction-  Stiction+  TauMax-  TauMax+  Avg. temp. 
  +0.1028   0.0425  -0.02850    +0.02973  -0.0732   0.0724     +39.22

  Ang. vel.    U        I      Temp     Tau       Km 
    -3.20   +23.729   -0.712  +44.54   -0.073   +0.072
    -1.50   +11.231   -0.508  +44.32   -0.052   +0.072
    -0.50    +3.846   -0.368  +43.87   -0.038   +0.070
    -0.01    +0.217   -0.277  +43.63   -0.028   +0.001
    +0.00    +0.000   +0.000   +0.00   +0.000     -nan
    +0.01    +0.224   +0.289  +43.34   +0.030   -0.001
    +0.50    +3.835   +0.361  +44.20   +0.037   +0.070
    +1.50   +11.181   +0.499  +44.39   +0.051   +0.071
    +3.20   +23.592   +0.704  +44.65   +0.072   +0.071
------------------------------------------------------------------

**** Joint 4 : 
  Calibration revision : v12.4.-1596919919
  K_tau    tau_avg  Stiction-  Stiction+  TauMax-  TauMax+  Avg. temp. 
  +0.1016   0.0460  -0.02663    +0.02660  -0.0815   0.0799     +39.07

  Ang. vel.    U        I      Temp     Tau       Km 
    -3.20   +23.472   -0.803  +44.39   -0.082   +0.071
    -1.50   +11.117   -0.563  +44.22   -0.057   +0.070
    -0.50    +3.828   -0.427  +43.83   -0.043   +0.069
    -0.01    +0.211   -0.262  +43.33   -0.027   +0.006
    +0.00    +0.000   +0.000   +0.00   +0.000     -nan
    +0.01    +0.210   +0.262  +43.01   +0.027   +0.006
    +0.50    +3.813   +0.417  +44.11   +0.042   +0.069
    +1.50   +11.074   +0.559  +44.25   +0.057   +0.070
    +3.20   +23.343   +0.786  +44.51   +0.080   +0.070
------------------------------------------------------------------

**** Joint 5 : 
  Calibration revision : v12.4.-1596919919
  K_tau    tau_avg  Stiction-  Stiction+  TauMax-  TauMax+  Avg. temp. 
  +0.1030   0.0401  -0.02657    +0.02703  -0.0698   0.0683     +39.13

  Ang. vel.    U        I      Temp     Tau       Km 
    -3.20   +23.743   -0.678  +44.41   -0.070   +0.072
    -1.50   +11.232   -0.482  +44.24   -0.050   +0.072
    -0.50    +3.839   -0.344  +43.85   -0.035   +0.071
    -0.01    +0.213   -0.258  +43.54   -0.027   +0.011
    +0.00    +0.000   +0.000   +0.00   +0.000     -nan
    +0.01    +0.215   +0.262  +43.21   +0.027   +0.010
    +0.50    +3.831   +0.341  +44.13   +0.035   +0.071
    +1.50   +11.186   +0.472  +44.26   +0.049   +0.071
    +3.20   +23.617   +0.663  +44.51   +0.068   +0.071
------------------------------------------------------------------

